{
 "cells": [
  {
   "cell_type": "markdown",
   "id": "a57394a4-83ef-48c4-8fdc-0740337d58dd",
   "metadata": {},
   "source": [
    "## Importing and Preprocessing data"
   ]
  },
  {
   "cell_type": "code",
   "execution_count": 92,
   "id": "9c47ed83-70dd-46ba-9f8a-53bbfaa8e9c5",
   "metadata": {},
   "outputs": [],
   "source": [
    "import pandas as pd\n",
    "import matplotlib.pyplot as plt\n",
    "import os\n",
    "import math\n",
    "import numpy as np\n",
    "\n",
    "from IPython.core.interactiveshell import InteractiveShell \n",
    "InteractiveShell.ast_node_interactivity = 'all'\n",
    "\n",
    "import warnings\n",
    "warnings.filterwarnings(\"ignore\")\n"
   ]
  },
  {
   "cell_type": "markdown",
   "id": "498ce8cd-9624-4d9c-829c-633773924e42",
   "metadata": {},
   "source": [
    "### Importing necessary files and cleaning the data"
   ]
  },
  {
   "cell_type": "code",
   "execution_count": 136,
   "id": "8cdd8fb1-8b5e-4c9c-a42a-77e8b4719b9e",
   "metadata": {
    "scrolled": true
   },
   "outputs": [
    {
     "data": {
      "text/html": [
       "<div>\n",
       "<style scoped>\n",
       "    .dataframe tbody tr th:only-of-type {\n",
       "        vertical-align: middle;\n",
       "    }\n",
       "\n",
       "    .dataframe tbody tr th {\n",
       "        vertical-align: top;\n",
       "    }\n",
       "\n",
       "    .dataframe thead th {\n",
       "        text-align: right;\n",
       "    }\n",
       "</style>\n",
       "<table border=\"1\" class=\"dataframe\">\n",
       "  <thead>\n",
       "    <tr style=\"text-align: right;\">\n",
       "      <th></th>\n",
       "      <th>ScanDir ID</th>\n",
       "      <th>DX</th>\n",
       "    </tr>\n",
       "  </thead>\n",
       "  <tbody>\n",
       "    <tr>\n",
       "      <th>0</th>\n",
       "      <td>0016058</td>\n",
       "      <td>0</td>\n",
       "    </tr>\n",
       "    <tr>\n",
       "      <th>1</th>\n",
       "      <td>0016046</td>\n",
       "      <td>0</td>\n",
       "    </tr>\n",
       "    <tr>\n",
       "      <th>2</th>\n",
       "      <td>0016060</td>\n",
       "      <td>0</td>\n",
       "    </tr>\n",
       "    <tr>\n",
       "      <th>3</th>\n",
       "      <td>0016048</td>\n",
       "      <td>0</td>\n",
       "    </tr>\n",
       "    <tr>\n",
       "      <th>4</th>\n",
       "      <td>0016029</td>\n",
       "      <td>0</td>\n",
       "    </tr>\n",
       "  </tbody>\n",
       "</table>\n",
       "</div>"
      ],
      "text/plain": [
       "  ScanDir ID  DX\n",
       "0    0016058   0\n",
       "1    0016046   0\n",
       "2    0016060   0\n",
       "3    0016048   0\n",
       "4    0016029   0"
      ]
     },
     "execution_count": 136,
     "metadata": {},
     "output_type": "execute_result"
    },
    {
     "data": {
      "text/plain": [
       "0"
      ]
     },
     "execution_count": 136,
     "metadata": {},
     "output_type": "execute_result"
    }
   ],
   "source": [
    "# Loading the phenotypic data using other columns also \n",
    "\n",
    "site = \"Pittsburgh\"\n",
    "pheno_csv = site + \"_phenotypic.csv\"\n",
    "\n",
    "phenotype_path = os.path.join(\"fMRI/ADHD200_CC200_TCs_filtfix\", site, pheno_csv)\n",
    "phenotype_data = pd.read_csv(phenotype_path)\n",
    "\n",
    "phenotype_data[\"ScanDir ID\"] = phenotype_data[\"ScanDir ID\"].astype(str).str.zfill(7)\n",
    "\n",
    "pheno_columns = [\"ScanDir ID\", \"DX\"]\n",
    "\n",
    "phenotype_data = phenotype_data[pheno_columns]\n",
    "\n",
    "# # Cleaning the Full4IQ ,it has missing values (-999)\n",
    "# phenotype_data[\"Full4 IQ\"] = phenotype_data[\"Full4 IQ\"].replace(-999, np.nan)\n",
    "# full4_iq_mean = phenotype_data[\"Full4 IQ\"].mean(skipna=True)\n",
    "# phenotype_data[\"Full4 IQ\"].fillna(full4_iq_mean, inplace=True)\n",
    "\n",
    "# # Cleaning the ADHD Index ,it has missing values (-999)\n",
    "# phenotype_data[\"ADHD Index\"] = phenotype_data[\"ADHD Index\"].replace(-999, np.nan)\n",
    "# full4_iq_mean = phenotype_data[\"ADHD Index\"].mean(skipna=True)\n",
    "# phenotype_data[\"ADHD Index\"].fillna(full4_iq_mean, inplace=True)\n",
    "\n",
    "# Cleaning the Inattentive it has missing values (-999)\n",
    "# phenotype_data[\"Inattentive\"] = phenotype_data[\"Inattentive\"].replace(-999, np.nan)\n",
    "# full4_iq_mean = phenotype_data[\"Inattentive\"].mean(skipna=True)\n",
    "# phenotype_data[\"Inattentive\"].fillna(full4_iq_mean, inplace=True)\n",
    "\n",
    "# # Cleaning the Hyper/Impulsive it has missing values (-999)\n",
    "# phenotype_data[\"Hyper/Impulsive\"] = phenotype_data[\"Hyper/Impulsive\"].replace(-999, np.nan)\n",
    "# full4_iq_mean = phenotype_data[\"Hyper/Impulsive\"].mean(skipna=True)\n",
    "# phenotype_data[\"Hyper/Impulsive\"].fillna(full4_iq_mean, inplace=True)\n",
    "\n",
    "# # Cleaning the Verbal IQ as it has missing values (-999)\n",
    "# phenotype_data[\"Verbal IQ\"] = phenotype_data[\"Verbal IQ\"].replace(-999, np.nan)\n",
    "# full4_iq_mean = phenotype_data[\"Verbal IQ\"].mean(skipna=True)\n",
    "# phenotype_data[\"Verbal IQ\"].fillna(full4_iq_mean, inplace=True)\n",
    "\n",
    "# # Cleaning the Performance IQ as it has missing values (-999)\n",
    "# phenotype_data[\"Performance IQ\"] = phenotype_data[\"Performance IQ\"].replace(-999, np.nan)\n",
    "# full4_iq_mean = phenotype_data[\"Performance IQ\"].mean(skipna=True)\n",
    "# phenotype_data[\"Performance IQ\"].fillna(full4_iq_mean, inplace=True)\n",
    "\n",
    "# # Replace \"No Medication\" (previously -999) with 2 (Not on Medication)\n",
    "# phenotype_data[\"Med Status\"] = phenotype_data[\"Med Status\"].replace(-999, 2)\n",
    "\n",
    "# # Convert Med Status column to integer type\n",
    "# phenotype_data[\"Med Status\"] = phenotype_data[\"Med Status\"].astype(int)\n",
    "\n",
    "phenotype_data.head()\n",
    "\n",
    "phenotype_data.isna().sum().sum()"
   ]
  },
  {
   "cell_type": "markdown",
   "id": "2cd4c6c1-5616-459d-a519-1bd7598a5052",
   "metadata": {},
   "source": [
    "#### Reading the .1D files and converting into Functional Connectivity Matrix"
   ]
  },
  {
   "cell_type": "code",
   "execution_count": 137,
   "id": "d87e3bcd-f0dc-4296-929b-ba337b45aaba",
   "metadata": {
    "scrolled": true
   },
   "outputs": [
    {
     "name": "stdout",
     "output_type": "stream",
     "text": [
      "Total subjects processed: 89\n",
      "Example FC Matrix Shape: (190, 190)\n"
     ]
    }
   ],
   "source": [
    "\n",
    "\n",
    "# Base folder where all the fMRI data for all the subjects are stored\n",
    "base_folder = \"fMRI/ADHD200_CC200_TCs_filtfix/Pittsburgh/\"\n",
    "\n",
    "# List to store fMRI data to all subjects\n",
    "fc_data_dict = {}\n",
    "\n",
    "\n",
    "# Loop through each subject folders to read each data\n",
    "for subject_id in sorted(os.listdir(base_folder)):\n",
    "    subject_path = os.path.join(base_folder, subject_id)\n",
    "\n",
    "    # Ensure that subject_path is a directory or folder not a file\n",
    "    if os.path.isdir(subject_path):\n",
    "\n",
    "        # Constructing file path for expected .1D filename\n",
    "        fmri_file_path = os.path.join(subject_path, f\"sfnwmrda{subject_id}_session_1_rest_1_cc200_TCs.1D\")\n",
    "\n",
    "        # if the frmi_file_path exists:\n",
    "        if os.path.exists(fmri_file_path):\n",
    "\n",
    "            # Read the fMRI .1D files \n",
    "            fmri_data = pd.read_csv(fmri_file_path, delim_whitespace = True, \n",
    "                                    header = None, skiprows = 1)\n",
    "            # Removing the first 2 columns are those are not necessary\n",
    "            fmri_data = fmri_data.iloc[:, 2:]\n",
    "            # Converting all values to float\n",
    "            fmri_data = fmri_data.astype(float)\n",
    "            # Convert the loaded dataframe to array for correlation calculation\n",
    "            fmri_data_array = fmri_data.to_numpy()\n",
    "\n",
    "            # Compute the Functional Connectivity Matrix by columns which are the brain atlas or brain region\n",
    "            fc_matrix = np.corrcoef(fmri_data_array, rowvar = False)\n",
    "\n",
    "            \n",
    "            # Store the FC matrix with subject ID\n",
    "            fc_data_dict[subject_id] = fc_matrix\n",
    "\n",
    "\n",
    "# Check if data loaded correctly\n",
    "print(f\"Total subjects processed: {len(fc_data_dict)}\")\n",
    "print(f\"Example FC Matrix Shape: {list(fc_data_dict.values())[0].shape}\")  # Check first subject"
   ]
  },
  {
   "cell_type": "code",
   "execution_count": 119,
   "id": "f0d5afa4-8120-419a-8d21-7704da926399",
   "metadata": {
    "scrolled": true
   },
   "outputs": [
    {
     "data": {
      "text/plain": [
       "{'1056121': array([[ 1.        ,  0.00287646, -0.12377184, ...,  0.17905459,\n",
       "          0.16025789, -0.04817031],\n",
       "        [ 0.00287646,  1.        ,  0.06673373, ...,  0.71563313,\n",
       "          0.2317126 , -0.19534362],\n",
       "        [-0.12377184,  0.06673373,  1.        , ..., -0.26027228,\n",
       "          0.13358731,  0.57158703],\n",
       "        ...,\n",
       "        [ 0.17905459,  0.71563313, -0.26027228, ...,  1.        ,\n",
       "          0.38138422, -0.47633652],\n",
       "        [ 0.16025789,  0.2317126 ,  0.13358731, ...,  0.38138422,\n",
       "          1.        , -0.0884433 ],\n",
       "        [-0.04817031, -0.19534362,  0.57158703, ..., -0.47633652,\n",
       "         -0.0884433 ,  1.        ]]),\n",
       " '1113498': array([[ 1.        ,  0.0952132 ,  0.04759913, ...,  0.22489836,\n",
       "          0.15854925, -0.05637741],\n",
       "        [ 0.0952132 ,  1.        ,  0.04341985, ...,  0.53837166,\n",
       "          0.56651326, -0.32804684],\n",
       "        [ 0.04759913,  0.04341985,  1.        , ..., -0.42080864,\n",
       "         -0.01126368,  0.59702479],\n",
       "        ...,\n",
       "        [ 0.22489836,  0.53837166, -0.42080864, ...,  1.        ,\n",
       "          0.42236852, -0.58399695],\n",
       "        [ 0.15854925,  0.56651326, -0.01126368, ...,  0.42236852,\n",
       "          1.        , -0.39178372],\n",
       "        [-0.05637741, -0.32804684,  0.59702479, ..., -0.58399695,\n",
       "         -0.39178372,  1.        ]]),\n",
       " '1133221': array([[ 1.        ,  0.23947475, -0.06297701, ...,  0.10831497,\n",
       "         -0.02060135,  0.00193204],\n",
       "        [ 0.23947475,  1.        , -0.16728265, ...,  0.80114002,\n",
       "          0.28318555,  0.16422828],\n",
       "        [-0.06297701, -0.16728265,  1.        , ..., -0.25022883,\n",
       "         -0.05104405,  0.60815351],\n",
       "        ...,\n",
       "        [ 0.10831497,  0.80114002, -0.25022883, ...,  1.        ,\n",
       "          0.39814615, -0.02079933],\n",
       "        [-0.02060135,  0.28318555, -0.05104405, ...,  0.39814615,\n",
       "          1.        ,  0.07017681],\n",
       "        [ 0.00193204,  0.16422828,  0.60815351, ..., -0.02079933,\n",
       "          0.07017681,  1.        ]]),\n",
       " '1139030': array([[ 1.        ,  0.19747162, -0.05913009, ...,  0.28086618,\n",
       "          0.2679988 ,  0.04165179],\n",
       "        [ 0.19747162,  1.        , -0.16947623, ...,  0.79494507,\n",
       "          0.57730431, -0.4285078 ],\n",
       "        [-0.05913009, -0.16947623,  1.        , ..., -0.24652818,\n",
       "         -0.40227538,  0.24368723],\n",
       "        ...,\n",
       "        [ 0.28086618,  0.79494507, -0.24652818, ...,  1.        ,\n",
       "          0.55152038, -0.50404235],\n",
       "        [ 0.2679988 ,  0.57730431, -0.40227538, ...,  0.55152038,\n",
       "          1.        , -0.13674219],\n",
       "        [ 0.04165179, -0.4285078 ,  0.24368723, ..., -0.50404235,\n",
       "         -0.13674219,  1.        ]]),\n",
       " '1186237': array([[ 1.        ,  0.0367172 ,  0.03900449, ..., -0.07506396,\n",
       "          0.05783109,  0.02725111],\n",
       "        [ 0.0367172 ,  1.        , -0.47299092, ...,  0.55141846,\n",
       "          0.55081265, -0.15696982],\n",
       "        [ 0.03900449, -0.47299092,  1.        , ..., -0.65188626,\n",
       "         -0.56196477,  0.63335529],\n",
       "        ...,\n",
       "        [-0.07506396,  0.55141846, -0.65188626, ...,  1.        ,\n",
       "          0.5971831 , -0.28076993],\n",
       "        [ 0.05783109,  0.55081265, -0.56196477, ...,  0.5971831 ,\n",
       "          1.        , -0.41854887],\n",
       "        [ 0.02725111, -0.15696982,  0.63335529, ..., -0.28076993,\n",
       "         -0.41854887,  1.        ]]),\n",
       " '1240299': array([[ 1.        , -0.19037874, -0.35341529, ..., -0.08227888,\n",
       "         -0.23606077, -0.40721786],\n",
       "        [-0.19037874,  1.        ,  0.09454889, ...,  0.6353878 ,\n",
       "          0.09205355,  0.51744364],\n",
       "        [-0.35341529,  0.09454889,  1.        , ..., -0.23195018,\n",
       "         -0.14288672,  0.58138267],\n",
       "        ...,\n",
       "        [-0.08227888,  0.6353878 , -0.23195018, ...,  1.        ,\n",
       "          0.29641785,  0.21052201],\n",
       "        [-0.23606077,  0.09205355, -0.14288672, ...,  0.29641785,\n",
       "          1.        ,  0.06077066],\n",
       "        [-0.40721786,  0.51744364,  0.58138267, ...,  0.21052201,\n",
       "          0.06077066,  1.        ]]),\n",
       " '1258069': array([[ 1.        ,  0.10245732, -0.02171025, ...,  0.05564463,\n",
       "         -0.03664165, -0.02833798],\n",
       "        [ 0.10245732,  1.        ,  0.00535711, ...,  0.67344436,\n",
       "          0.23455126,  0.01205153],\n",
       "        [-0.02171025,  0.00535711,  1.        , ...,  0.20177724,\n",
       "         -0.14624436,  0.55303529],\n",
       "        ...,\n",
       "        [ 0.05564463,  0.67344436,  0.20177724, ...,  1.        ,\n",
       "          0.37982728, -0.17573351],\n",
       "        [-0.03664165,  0.23455126, -0.14624436, ...,  0.37982728,\n",
       "          1.        , -0.22719248],\n",
       "        [-0.02833798,  0.01205153,  0.55303529, ..., -0.17573351,\n",
       "         -0.22719248,  1.        ]]),\n",
       " '1282248': array([[ 1.        , -0.05762295,  0.36616111, ..., -0.16956014,\n",
       "          0.18167196,  0.18163178],\n",
       "        [-0.05762295,  1.        ,  0.13334702, ...,  0.59547666,\n",
       "          0.03136994,  0.08587836],\n",
       "        [ 0.36616111,  0.13334702,  1.        , ..., -0.12461498,\n",
       "         -0.11761571,  0.40036472],\n",
       "        ...,\n",
       "        [-0.16956014,  0.59547666, -0.12461498, ...,  1.        ,\n",
       "          0.2055681 , -0.02720595],\n",
       "        [ 0.18167196,  0.03136994, -0.11761571, ...,  0.2055681 ,\n",
       "          1.        ,  0.12403545],\n",
       "        [ 0.18163178,  0.08587836,  0.40036472, ..., -0.02720595,\n",
       "          0.12403545,  1.        ]]),\n",
       " '1302449': array([[ 1.        ,  0.10733909, -0.10053543, ...,  0.03211616,\n",
       "         -0.04986974, -0.17858308],\n",
       "        [ 0.10733909,  1.        , -0.01564319, ...,  0.74598639,\n",
       "          0.20914022,  0.02572004],\n",
       "        [-0.10053543, -0.01564319,  1.        , ..., -0.12349758,\n",
       "         -0.05987727,  0.47271513],\n",
       "        ...,\n",
       "        [ 0.03211616,  0.74598639, -0.12349758, ...,  1.        ,\n",
       "         -0.0068444 , -0.09666839],\n",
       "        [-0.04986974,  0.20914022, -0.05987727, ..., -0.0068444 ,\n",
       "          1.        , -0.0740136 ],\n",
       "        [-0.17858308,  0.02572004,  0.47271513, ..., -0.09666839,\n",
       "         -0.0740136 ,  1.        ]]),\n",
       " '1391181': array([[ 1.        , -0.05684642, -0.06476929, ..., -0.00801821,\n",
       "          0.09086326, -0.04115147],\n",
       "        [-0.05684642,  1.        , -0.11798441, ...,  0.58421043,\n",
       "          0.33680924, -0.48382087],\n",
       "        [-0.06476929, -0.11798441,  1.        , ..., -0.20070064,\n",
       "         -0.24024544,  0.67145517],\n",
       "        ...,\n",
       "        [-0.00801821,  0.58421043, -0.20070064, ...,  1.        ,\n",
       "          0.14446669, -0.56997023],\n",
       "        [ 0.09086326,  0.33680924, -0.24024544, ...,  0.14446669,\n",
       "          1.        , -0.06055522],\n",
       "        [-0.04115147, -0.48382087,  0.67145517, ..., -0.56997023,\n",
       "         -0.06055522,  1.        ]]),\n",
       " '1408093': array([[ 1.        , -0.20496922,  0.23862641, ..., -0.17705176,\n",
       "         -0.09835817,  0.25959164],\n",
       "        [-0.20496922,  1.        , -0.02295935, ...,  0.76594272,\n",
       "          0.36342279, -0.19282327],\n",
       "        [ 0.23862641, -0.02295935,  1.        , ..., -0.26445553,\n",
       "         -0.26774187,  0.67254549],\n",
       "        ...,\n",
       "        [-0.17705176,  0.76594272, -0.26445553, ...,  1.        ,\n",
       "          0.33432134, -0.43996564],\n",
       "        [-0.09835817,  0.36342279, -0.26774187, ...,  0.33432134,\n",
       "          1.        , -0.20501096],\n",
       "        [ 0.25959164, -0.19282327,  0.67254549, ..., -0.43996564,\n",
       "         -0.20501096,  1.        ]]),\n",
       " '1469171': array([[ 1.        ,  0.12220889,  0.05568392, ..., -0.00985072,\n",
       "         -0.27365426,  0.034979  ],\n",
       "        [ 0.12220889,  1.        , -0.2358277 , ...,  0.73870958,\n",
       "          0.32086427, -0.18423115],\n",
       "        [ 0.05568392, -0.2358277 ,  1.        , ..., -0.51579012,\n",
       "         -0.08955886,  0.64661288],\n",
       "        ...,\n",
       "        [-0.00985072,  0.73870958, -0.51579012, ...,  1.        ,\n",
       "          0.45554709, -0.39230085],\n",
       "        [-0.27365426,  0.32086427, -0.08955886, ...,  0.45554709,\n",
       "          1.        , -0.23951221],\n",
       "        [ 0.034979  , -0.18423115,  0.64661288, ..., -0.39230085,\n",
       "         -0.23951221,  1.        ]]),\n",
       " '1561488': array([[ 1.        ,  0.21829848,  0.20033439, ..., -0.0561575 ,\n",
       "          0.37500046,  0.42677039],\n",
       "        [ 0.21829848,  1.        , -0.08684028, ...,  0.73770974,\n",
       "          0.43303022,  0.05039516],\n",
       "        [ 0.20033439, -0.08684028,  1.        , ...,  0.05374292,\n",
       "          0.04887262,  0.71435547],\n",
       "        ...,\n",
       "        [-0.0561575 ,  0.73770974,  0.05374292, ...,  1.        ,\n",
       "          0.22182018,  0.02044748],\n",
       "        [ 0.37500046,  0.43303022,  0.04887262, ...,  0.22182018,\n",
       "          1.        ,  0.16331681],\n",
       "        [ 0.42677039,  0.05039516,  0.71435547, ...,  0.02044748,\n",
       "          0.16331681,  1.        ]]),\n",
       " '1686092': array([[ 1.        ,  0.04453058, -0.05932183, ..., -0.00136629,\n",
       "         -0.06078538, -0.10784022],\n",
       "        [ 0.04453058,  1.        , -0.36600819, ...,  0.51756651,\n",
       "         -0.01403069, -0.44469727],\n",
       "        [-0.05932183, -0.36600819,  1.        , ..., -0.28622569,\n",
       "          0.08958369,  0.64378119],\n",
       "        ...,\n",
       "        [-0.00136629,  0.51756651, -0.28622569, ...,  1.        ,\n",
       "          0.1245587 , -0.16349139],\n",
       "        [-0.06078538, -0.01403069,  0.08958369, ...,  0.1245587 ,\n",
       "          1.        ,  0.25574871],\n",
       "        [-0.10784022, -0.44469727,  0.64378119, ..., -0.16349139,\n",
       "          0.25574871,  1.        ]]),\n",
       " '1689948': array([[ 1.        ,  0.16889738,  0.22494613, ...,  0.28689546,\n",
       "         -0.15588115,  0.04466811],\n",
       "        [ 0.16889738,  1.        , -0.10272778, ...,  0.69966516,\n",
       "         -0.01432694, -0.28968762],\n",
       "        [ 0.22494613, -0.10272778,  1.        , ..., -0.33774875,\n",
       "          0.07208346,  0.2967421 ],\n",
       "        ...,\n",
       "        [ 0.28689546,  0.69966516, -0.33774875, ...,  1.        ,\n",
       "          0.03591508, -0.41555359],\n",
       "        [-0.15588115, -0.01432694,  0.07208346, ...,  0.03591508,\n",
       "          1.        , -0.26681248],\n",
       "        [ 0.04466811, -0.28968762,  0.2967421 , ..., -0.41555359,\n",
       "         -0.26681248,  1.        ]]),\n",
       " '1791543': array([[ 1.        , -0.18138597, -0.4004317 , ...,  0.05306436,\n",
       "         -0.45360436,  0.04716947],\n",
       "        [-0.18138597,  1.        ,  0.18628933, ...,  0.46462153,\n",
       "          0.73360154, -0.10281845],\n",
       "        [-0.4004317 ,  0.18628933,  1.        , ..., -0.22583306,\n",
       "          0.43948311,  0.30025804],\n",
       "        ...,\n",
       "        [ 0.05306436,  0.46462153, -0.22583306, ...,  1.        ,\n",
       "          0.25709192, -0.26328903],\n",
       "        [-0.45360436,  0.73360154,  0.43948311, ...,  0.25709192,\n",
       "          1.        , -0.19678634],\n",
       "        [ 0.04716947, -0.10281845,  0.30025804, ..., -0.26328903,\n",
       "         -0.19678634,  1.        ]]),\n",
       " '1805037': array([[ 1.00000000e+00,  2.05680746e-01,  9.94592534e-02, ...,\n",
       "          1.00035710e-01,  7.77820131e-02, -8.11266694e-02],\n",
       "        [ 2.05680746e-01,  1.00000000e+00,  6.63702969e-02, ...,\n",
       "          5.40571266e-01,  2.52284673e-01, -2.11367984e-01],\n",
       "        [ 9.94592534e-02,  6.63702969e-02,  1.00000000e+00, ...,\n",
       "         -2.96815232e-01, -9.96723444e-04,  6.53788272e-01],\n",
       "        ...,\n",
       "        [ 1.00035710e-01,  5.40571266e-01, -2.96815232e-01, ...,\n",
       "          1.00000000e+00,  4.17435215e-01, -2.09883737e-01],\n",
       "        [ 7.77820131e-02,  2.52284673e-01, -9.96723444e-04, ...,\n",
       "          4.17435215e-01,  1.00000000e+00,  3.68428234e-02],\n",
       "        [-8.11266694e-02, -2.11367984e-01,  6.53788272e-01, ...,\n",
       "         -2.09883737e-01,  3.68428234e-02,  1.00000000e+00]]),\n",
       " '1875711': array([[ 1.        , -0.46134726,  0.40277625, ..., -0.36397548,\n",
       "         -0.15604247,  0.29637384],\n",
       "        [-0.46134726,  1.        , -0.4256787 , ...,  0.7916824 ,\n",
       "          0.19624923, -0.48233909],\n",
       "        [ 0.40277625, -0.4256787 ,  1.        , ..., -0.62973073,\n",
       "         -0.16093345,  0.79316997],\n",
       "        ...,\n",
       "        [-0.36397548,  0.7916824 , -0.62973073, ...,  1.        ,\n",
       "          0.20120139, -0.61407739],\n",
       "        [-0.15604247,  0.19624923, -0.16093345, ...,  0.20120139,\n",
       "          1.        , -0.2939385 ],\n",
       "        [ 0.29637384, -0.48233909,  0.79316997, ..., -0.61407739,\n",
       "         -0.2939385 ,  1.        ]]),\n",
       " '1879542': array([[ 1.        , -0.2966278 , -0.01641919, ...,  0.1019233 ,\n",
       "         -0.17564783,  0.11458364],\n",
       "        [-0.2966278 ,  1.        , -0.17720492, ...,  0.13785834,\n",
       "         -0.05838422,  0.0505467 ],\n",
       "        [-0.01641919, -0.17720492,  1.        , ..., -0.17338767,\n",
       "         -0.13807696,  0.32504527],\n",
       "        ...,\n",
       "        [ 0.1019233 ,  0.13785834, -0.17338767, ...,  1.        ,\n",
       "          0.09933087, -0.50413539],\n",
       "        [-0.17564783, -0.05838422, -0.13807696, ...,  0.09933087,\n",
       "          1.        , -0.55094717],\n",
       "        [ 0.11458364,  0.0505467 ,  0.32504527, ..., -0.50413539,\n",
       "         -0.55094717,  1.        ]]),\n",
       " '1912810': array([[ 1.        , -0.21954898,  0.05599837, ..., -0.19861789,\n",
       "          0.08686325, -0.02967763],\n",
       "        [-0.21954898,  1.        ,  0.0366476 , ...,  0.64634675,\n",
       "          0.27653161,  0.01365196],\n",
       "        [ 0.05599837,  0.0366476 ,  1.        , ..., -0.29767187,\n",
       "         -0.0059478 ,  0.52541041],\n",
       "        ...,\n",
       "        [-0.19861789,  0.64634675, -0.29767187, ...,  1.        ,\n",
       "          0.19080371, -0.21911872],\n",
       "        [ 0.08686325,  0.27653161, -0.0059478 , ...,  0.19080371,\n",
       "          1.        , -0.00617996],\n",
       "        [-0.02967763,  0.01365196,  0.52541041, ..., -0.21911872,\n",
       "         -0.00617996,  1.        ]]),\n",
       " '1947991': array([[ 1.        , -0.1314012 ,  0.04927831, ..., -0.10290397,\n",
       "         -0.48169955,  0.07947121],\n",
       "        [-0.1314012 ,  1.        , -0.15961155, ...,  0.54516054,\n",
       "          0.31692909, -0.30168147],\n",
       "        [ 0.04927831, -0.15961155,  1.        , ..., -0.24647256,\n",
       "         -0.19603829,  0.58537231],\n",
       "        ...,\n",
       "        [-0.10290397,  0.54516054, -0.24647256, ...,  1.        ,\n",
       "          0.52075844, -0.69226033],\n",
       "        [-0.48169955,  0.31692909, -0.19603829, ...,  0.52075844,\n",
       "          1.        , -0.41325386],\n",
       "        [ 0.07947121, -0.30168147,  0.58537231, ..., -0.69226033,\n",
       "         -0.41325386,  1.        ]]),\n",
       " '2081754': array([[ 1.        , -0.02864662, -0.02094202, ...,  0.16527939,\n",
       "          0.16831447, -0.0752537 ],\n",
       "        [-0.02864662,  1.        , -0.21204255, ...,  0.66187242,\n",
       "          0.28843913,  0.1746715 ],\n",
       "        [-0.02094202, -0.21204255,  1.        , ..., -0.4675631 ,\n",
       "          0.04156918,  0.59772536],\n",
       "        ...,\n",
       "        [ 0.16527939,  0.66187242, -0.4675631 , ...,  1.        ,\n",
       "          0.43961432, -0.21826147],\n",
       "        [ 0.16831447,  0.28843913,  0.04156918, ...,  0.43961432,\n",
       "          1.        , -0.14496449],\n",
       "        [-0.0752537 ,  0.1746715 ,  0.59772536, ..., -0.21826147,\n",
       "         -0.14496449,  1.        ]]),\n",
       " '2106109': array([[ 1.        , -0.17588361, -0.15467166, ..., -0.10710914,\n",
       "         -0.14249259,  0.08895655],\n",
       "        [-0.17588361,  1.        , -0.08983617, ...,  0.7299147 ,\n",
       "          0.23301851, -0.17069951],\n",
       "        [-0.15467166, -0.08983617,  1.        , ..., -0.35395064,\n",
       "          0.13792056,  0.76749146],\n",
       "        ...,\n",
       "        [-0.10710914,  0.7299147 , -0.35395064, ...,  1.        ,\n",
       "          0.33180179, -0.43127154],\n",
       "        [-0.14249259,  0.23301851,  0.13792056, ...,  0.33180179,\n",
       "          1.        ,  0.03822637],\n",
       "        [ 0.08895655, -0.17069951,  0.76749146, ..., -0.43127154,\n",
       "          0.03822637,  1.        ]]),\n",
       " '2123983': array([[ 1.        , -0.29292396, -0.12421128, ..., -0.08721561,\n",
       "         -0.07307914,  0.00313214],\n",
       "        [-0.29292396,  1.        ,  0.00996044, ...,  0.41611066,\n",
       "          0.35825203, -0.23615506],\n",
       "        [-0.12421128,  0.00996044,  1.        , ..., -0.47026325,\n",
       "          0.01906498,  0.77927628],\n",
       "        ...,\n",
       "        [-0.08721561,  0.41611066, -0.47026325, ...,  1.        ,\n",
       "          0.10197151, -0.5312046 ],\n",
       "        [-0.07307914,  0.35825203,  0.01906498, ...,  0.10197151,\n",
       "          1.        , -0.01814161],\n",
       "        [ 0.00313214, -0.23615506,  0.77927628, ..., -0.5312046 ,\n",
       "         -0.01814161,  1.        ]]),\n",
       " '2174595': array([[ 1.        , -0.15212195, -0.07887307, ..., -0.05747426,\n",
       "         -0.24279956,  0.11958843],\n",
       "        [-0.15212195,  1.        ,  0.36827819, ...,  0.71944524,\n",
       "          0.52071563, -0.14553634],\n",
       "        [-0.07887307,  0.36827819,  1.        , ...,  0.20034003,\n",
       "          0.54693023,  0.04467797],\n",
       "        ...,\n",
       "        [-0.05747426,  0.71944524,  0.20034003, ...,  1.        ,\n",
       "          0.38572668, -0.18492442],\n",
       "        [-0.24279956,  0.52071563,  0.54693023, ...,  0.38572668,\n",
       "          1.        , -0.14108279],\n",
       "        [ 0.11958843, -0.14553634,  0.04467797, ..., -0.18492442,\n",
       "         -0.14108279,  1.        ]]),\n",
       " '2196753': array([[ 1.        ,  0.13898193, -0.09704894, ...,  0.03128876,\n",
       "          0.07842402, -0.12280015],\n",
       "        [ 0.13898193,  1.        , -0.08763237, ...,  0.73988833,\n",
       "          0.1836492 , -0.14347907],\n",
       "        [-0.09704894, -0.08763237,  1.        , ..., -0.21078495,\n",
       "         -0.22294894,  0.74147265],\n",
       "        ...,\n",
       "        [ 0.03128876,  0.73988833, -0.21078495, ...,  1.        ,\n",
       "          0.25556087, -0.37593121],\n",
       "        [ 0.07842402,  0.1836492 , -0.22294894, ...,  0.25556087,\n",
       "          1.        , -0.38535698],\n",
       "        [-0.12280015, -0.14347907,  0.74147265, ..., -0.37593121,\n",
       "         -0.38535698,  1.        ]]),\n",
       " '2240562': array([[ 1.        ,  0.12150493,  0.13195876, ...,  0.02826632,\n",
       "          0.04313108,  0.24084945],\n",
       "        [ 0.12150493,  1.        , -0.27609295, ...,  0.62617295,\n",
       "          0.27393773, -0.25680346],\n",
       "        [ 0.13195876, -0.27609295,  1.        , ..., -0.46151288,\n",
       "         -0.44305043,  0.74390963],\n",
       "        ...,\n",
       "        [ 0.02826632,  0.62617295, -0.46151288, ...,  1.        ,\n",
       "          0.65404138, -0.43965586],\n",
       "        [ 0.04313108,  0.27393773, -0.44305043, ...,  0.65404138,\n",
       "          1.        , -0.35057871],\n",
       "        [ 0.24084945, -0.25680346,  0.74390963, ..., -0.43965586,\n",
       "         -0.35057871,  1.        ]]),\n",
       " '2249443': array([[ 1.00000000e+00, -2.49907635e-01, -9.69076708e-04, ...,\n",
       "         -1.22945518e-01,  1.93758234e-01,  1.17696619e-02],\n",
       "        [-2.49907635e-01,  1.00000000e+00,  1.36810729e-01, ...,\n",
       "          6.02333352e-01,  1.19158763e-02, -3.65921132e-01],\n",
       "        [-9.69076708e-04,  1.36810729e-01,  1.00000000e+00, ...,\n",
       "         -8.30403551e-02, -2.24836994e-01,  5.84687230e-01],\n",
       "        ...,\n",
       "        [-1.22945518e-01,  6.02333352e-01, -8.30403551e-02, ...,\n",
       "          1.00000000e+00,  3.97180717e-01, -3.23177212e-01],\n",
       "        [ 1.93758234e-01,  1.19158763e-02, -2.24836994e-01, ...,\n",
       "          3.97180717e-01,  1.00000000e+00, -2.09101556e-01],\n",
       "        [ 1.17696619e-02, -3.65921132e-01,  5.84687230e-01, ...,\n",
       "         -3.23177212e-01, -2.09101556e-01,  1.00000000e+00]]),\n",
       " '2266806': array([[ 1.        ,  0.21417882, -0.09460475, ...,  0.23397268,\n",
       "          0.23873684, -0.03717371],\n",
       "        [ 0.21417882,  1.        , -0.13403496, ...,  0.33605315,\n",
       "          0.11586604, -0.09002962],\n",
       "        [-0.09460475, -0.13403496,  1.        , ..., -0.27667751,\n",
       "         -0.21802813,  0.79512062],\n",
       "        ...,\n",
       "        [ 0.23397268,  0.33605315, -0.27667751, ...,  1.        ,\n",
       "          0.06210802, -0.2369343 ],\n",
       "        [ 0.23873684,  0.11586604, -0.21802813, ...,  0.06210802,\n",
       "          1.        , -0.20448889],\n",
       "        [-0.03717371, -0.09002962,  0.79512062, ..., -0.2369343 ,\n",
       "         -0.20448889,  1.        ]]),\n",
       " '2367157': array([[1.        , 0.20579838, 0.10968326, ..., 0.29553936, 0.00589816,\n",
       "         0.08824427],\n",
       "        [0.20579838, 1.        , 0.50275074, ..., 0.89180918, 0.65835948,\n",
       "         0.25722591],\n",
       "        [0.10968326, 0.50275074, 1.        , ..., 0.52260478, 0.65138244,\n",
       "         0.78882555],\n",
       "        ...,\n",
       "        [0.29553936, 0.89180918, 0.52260478, ..., 1.        , 0.61950886,\n",
       "         0.24201429],\n",
       "        [0.00589816, 0.65835948, 0.65138244, ..., 0.61950886, 1.        ,\n",
       "         0.39306855],\n",
       "        [0.08824427, 0.25722591, 0.78882555, ..., 0.24201429, 0.39306855,\n",
       "         1.        ]]),\n",
       " '2408774': array([[ 1.        , -0.23503146,  0.12788256, ..., -0.033567  ,\n",
       "          0.02846615,  0.2189791 ],\n",
       "        [-0.23503146,  1.        , -0.27203615, ...,  0.70161687,\n",
       "          0.10091113, -0.46835722],\n",
       "        [ 0.12788256, -0.27203615,  1.        , ..., -0.37908097,\n",
       "         -0.13774428,  0.66498021],\n",
       "        ...,\n",
       "        [-0.033567  ,  0.70161687, -0.37908097, ...,  1.        ,\n",
       "          0.35354665, -0.47306132],\n",
       "        [ 0.02846615,  0.10091113, -0.13774428, ...,  0.35354665,\n",
       "          1.        , -0.25870392],\n",
       "        [ 0.2189791 , -0.46835722,  0.66498021, ..., -0.47306132,\n",
       "         -0.25870392,  1.        ]]),\n",
       " '2427408': array([[ 1.        ,  0.04951692, -0.12825201, ..., -0.1293872 ,\n",
       "          0.04518519,  0.3340578 ],\n",
       "        [ 0.04951692,  1.        , -0.1323497 , ...,  0.48511457,\n",
       "          0.26241026, -0.0669926 ],\n",
       "        [-0.12825201, -0.1323497 ,  1.        , ...,  0.15459459,\n",
       "         -0.2638333 ,  0.42736481],\n",
       "        ...,\n",
       "        [-0.1293872 ,  0.48511457,  0.15459459, ...,  1.        ,\n",
       "          0.32867987, -0.21045679],\n",
       "        [ 0.04518519,  0.26241026, -0.2638333 , ...,  0.32867987,\n",
       "          1.        , -0.09667286],\n",
       "        [ 0.3340578 , -0.0669926 ,  0.42736481, ..., -0.21045679,\n",
       "         -0.09667286,  1.        ]]),\n",
       " '2535087': array([[ 1.        ,  0.30419011, -0.00846855, ...,  0.31730331,\n",
       "          0.40499641, -0.14056434],\n",
       "        [ 0.30419011,  1.        , -0.15323362, ...,  0.68706833,\n",
       "          0.16931422, -0.3156717 ],\n",
       "        [-0.00846855, -0.15323362,  1.        , ..., -0.24569084,\n",
       "          0.15714526,  0.55496052],\n",
       "        ...,\n",
       "        [ 0.31730331,  0.68706833, -0.24569084, ...,  1.        ,\n",
       "          0.37793488, -0.46875167],\n",
       "        [ 0.40499641,  0.16931422,  0.15714526, ...,  0.37793488,\n",
       "          1.        , -0.05908238],\n",
       "        [-0.14056434, -0.3156717 ,  0.55496052, ..., -0.46875167,\n",
       "         -0.05908238,  1.        ]]),\n",
       " '2538839': array([[ 1.        , -0.3566635 ,  0.06998172, ..., -0.29696335,\n",
       "         -0.31561889,  0.25053885],\n",
       "        [-0.3566635 ,  1.        ,  0.01733033, ...,  0.88468293,\n",
       "          0.24870005, -0.25424097],\n",
       "        [ 0.06998172,  0.01733033,  1.        , ..., -0.04968562,\n",
       "         -0.19320525,  0.72746816],\n",
       "        ...,\n",
       "        [-0.29696335,  0.88468293, -0.04968562, ...,  1.        ,\n",
       "          0.27702701, -0.29084232],\n",
       "        [-0.31561889,  0.24870005, -0.19320525, ...,  0.27702701,\n",
       "          1.        , -0.24415971],\n",
       "        [ 0.25053885, -0.25424097,  0.72746816, ..., -0.29084232,\n",
       "         -0.24415971,  1.        ]]),\n",
       " '2697768': array([[ 1.        , -0.16859216, -0.08201178, ...,  0.19293218,\n",
       "         -0.17593648,  0.03886169],\n",
       "        [-0.16859216,  1.        ,  0.27964514, ...,  0.5225483 ,\n",
       "          0.11386267,  0.04735812],\n",
       "        [-0.08201178,  0.27964514,  1.        , ..., -0.0190309 ,\n",
       "         -0.07697003,  0.69074429],\n",
       "        ...,\n",
       "        [ 0.19293218,  0.5225483 , -0.0190309 , ...,  1.        ,\n",
       "          0.08440837, -0.17198424],\n",
       "        [-0.17593648,  0.11386267, -0.07697003, ...,  0.08440837,\n",
       "          1.        , -0.21074391],\n",
       "        [ 0.03886169,  0.04735812,  0.69074429, ..., -0.17198424,\n",
       "         -0.21074391,  1.        ]]),\n",
       " '2703336': array([[ 1.        , -0.01126447, -0.37427541, ...,  0.06007852,\n",
       "         -0.31311132, -0.31504671],\n",
       "        [-0.01126447,  1.        , -0.01325794, ...,  0.80909757,\n",
       "          0.27753347, -0.23626738],\n",
       "        [-0.37427541, -0.01325794,  1.        , ..., -0.22674951,\n",
       "          0.27306458,  0.69715026],\n",
       "        ...,\n",
       "        [ 0.06007852,  0.80909757, -0.22674951, ...,  1.        ,\n",
       "          0.20567939, -0.40002882],\n",
       "        [-0.31311132,  0.27753347,  0.27306458, ...,  0.20567939,\n",
       "          1.        , -0.06049336],\n",
       "        [-0.31504671, -0.23626738,  0.69715026, ..., -0.40002882,\n",
       "         -0.06049336,  1.        ]]),\n",
       " '2714224': array([[ 1.        , -0.43819276,  0.17776773, ..., -0.38644596,\n",
       "         -0.00844205,  0.3284682 ],\n",
       "        [-0.43819276,  1.        , -0.08077998, ...,  0.50219322,\n",
       "          0.05484637, -0.2265767 ],\n",
       "        [ 0.17776773, -0.08077998,  1.        , ..., -0.18592096,\n",
       "          0.04187921,  0.76699881],\n",
       "        ...,\n",
       "        [-0.38644596,  0.50219322, -0.18592096, ...,  1.        ,\n",
       "          0.352709  , -0.23501274],\n",
       "        [-0.00844205,  0.05484637,  0.04187921, ...,  0.352709  ,\n",
       "          1.        ,  0.08796792],\n",
       "        [ 0.3284682 , -0.2265767 ,  0.76699881, ..., -0.23501274,\n",
       "          0.08796792,  1.        ]]),\n",
       " '2833684': array([[ 1.        ,  0.02500341, -0.02894449, ...,  0.16841453,\n",
       "         -0.02338192,  0.13055903],\n",
       "        [ 0.02500341,  1.        , -0.35629561, ...,  0.80989866,\n",
       "         -0.31118862, -0.0640245 ],\n",
       "        [-0.02894449, -0.35629561,  1.        , ..., -0.32230255,\n",
       "         -0.04951291,  0.66927035],\n",
       "        ...,\n",
       "        [ 0.16841453,  0.80989866, -0.32230255, ...,  1.        ,\n",
       "         -0.50225666, -0.13042329],\n",
       "        [-0.02338192, -0.31118862, -0.04951291, ..., -0.50225666,\n",
       "          1.        ,  0.08428529],\n",
       "        [ 0.13055903, -0.0640245 ,  0.66927035, ..., -0.13042329,\n",
       "          0.08428529,  1.        ]]),\n",
       " '2897046': array([[ 1.        ,  0.18729233, -0.18174448, ...,  0.19202766,\n",
       "         -0.36609374, -0.06030448],\n",
       "        [ 0.18729233,  1.        , -0.256365  , ...,  0.85295863,\n",
       "         -0.02152922, -0.15698268],\n",
       "        [-0.18174448, -0.256365  ,  1.        , ..., -0.38203071,\n",
       "          0.10176387,  0.55132356],\n",
       "        ...,\n",
       "        [ 0.19202766,  0.85295863, -0.38203071, ...,  1.        ,\n",
       "         -0.04110473, -0.16214132],\n",
       "        [-0.36609374, -0.02152922,  0.10176387, ..., -0.04110473,\n",
       "          1.        , -0.19120355],\n",
